<?xml version="1.0" encoding="UTF-8" standalone="no"?>
<!DOCTYPE svg PUBLIC "-//W3C//DTD SVG 20010904//EN"
              "http://www.w3.org/TR/2001/REC-SVG-20010904/DTD/svg10.dtd">

<svg xmlns="http://www.w3.org/2000/svg"
     width="4.26667in" height="2.84333in"
     viewBox="0 0 1280 853">
  <path id="Unnamed"
        fill="none" stroke="black" stroke-width="1"
        d="M 70.62,354.00
           C 70.62,354.00 74.25,353.50 74.25,353.50
             74.25,353.50 76.50,353.25 76.50,353.25
             76.50,353.25 80.00,352.75 80.00,352.75
             80.00,352.75 83.12,351.75 83.12,351.75
             83.12,351.75 85.38,352.25 85.38,352.25
             85.38,352.25 85.62,356.00 85.62,356.00
             85.62,356.00 86.12,361.12 86.12,361.38
             86.12,361.62 86.50,366.75 86.62,366.88
             86.75,367.00 86.62,371.50 86.62,371.50
             86.62,371.50 87.38,374.00 87.38,374.00
             87.38,374.00 91.12,373.25 91.38,373.25
             91.62,373.25 94.75,373.25 94.75,373.25
             94.75,373.25 97.00,373.25 97.00,373.25
             97.00,373.25 101.00,376.25 101.00,376.25
             101.00,376.25 104.88,378.50 104.88,378.50
             104.88,378.50 110.50,383.50 110.50,383.50
             110.50,383.50 114.50,386.62 114.50,386.62
             114.50,386.62 118.00,389.62 118.00,389.62
             118.00,389.62 122.88,394.25 122.88,394.25
             122.88,394.25 125.75,397.62 125.75,397.62
             125.75,397.62 128.88,399.62 128.88,399.75
             128.88,399.88 133.75,402.88 133.75,402.88
             133.75,402.88 136.12,404.50 136.38,404.88
             136.62,405.25 140.38,407.88 140.50,408.25
             140.62,408.62 144.50,411.00 144.62,411.12
             144.75,411.25 147.00,412.25 147.00,412.25
             147.00,412.25 160.75,405.75 160.75,405.75
             160.75,405.75 171.12,399.88 171.12,399.88
             171.12,399.88 184.88,392.50 184.88,392.50
             184.88,392.50 196.25,386.75 196.25,386.75
             196.25,386.75 209.38,379.88 209.38,379.88
             209.38,379.88 222.12,374.25 222.12,374.25
             222.12,374.25 234.12,368.88 234.12,368.88
             234.12,368.88 239.50,367.25 239.50,367.25
             239.50,367.25 249.00,362.12 249.00,362.12
             249.00,362.12 267.91,354.55 267.91,354.55
             267.91,354.55 290.82,342.91 290.82,342.91
             290.82,342.91 301.27,337.73 301.27,337.73
             301.27,337.73 316.55,329.45 316.55,329.45
             316.55,329.45 339.55,318.18 339.55,318.09
             339.55,318.00 354.36,310.73 354.36,310.73
             354.36,310.73 376.00,301.09 376.00,301.09
             376.00,301.09 392.64,295.18 392.64,295.18
             392.64,295.18 408.64,289.91 408.64,289.91
             408.64,289.91 429.09,284.82 429.09,284.82
             429.09,284.82 437.36,283.82 437.36,283.82
             437.36,283.82 449.00,281.45 449.00,281.45
             449.00,281.45 466.27,278.55 466.27,278.55
             466.27,278.55 482.00,275.36 482.00,275.36
             482.00,275.36 494.82,275.00 494.82,275.00
             494.82,275.00 504.55,272.55 504.55,272.55
             504.55,272.55 514.09,271.82 514.09,271.82
             514.09,271.82 526.00,270.45 526.00,270.45
             526.00,270.45 534.55,268.09 534.55,268.09
             534.55,268.09 547.27,264.82 547.27,264.82
             547.27,264.82 568.09,259.73 568.09,259.73
             568.09,259.73 591.18,252.91 591.18,252.82
             591.18,252.73 605.73,248.09 605.73,248.00
             605.73,247.91 617.36,244.27 617.36,244.27
             617.36,244.27 625.73,242.18 625.73,242.18
             625.73,242.18 632.00,240.55 632.00,240.55
             632.00,240.55 635.82,240.27 635.82,240.27
             635.82,240.27 637.18,239.91 637.18,239.91
             637.18,239.91 657.09,218.64 657.09,218.64
             657.09,218.64 674.91,199.45 674.91,199.45
             674.91,199.45 692.64,180.91 692.64,180.91
             692.64,180.91 708.73,163.00 708.73,163.00
             708.73,163.00 722.00,148.82 722.00,148.82
             722.00,148.82 735.64,134.18 735.64,134.18
             735.64,134.18 746.73,121.55 746.73,121.55
             746.73,121.55 760.64,106.64 760.64,106.64
             760.64,106.64 772.18,94.09 772.18,93.91
             772.18,93.73 780.27,87.00 780.27,87.00
             780.27,87.00 785.64,84.18 785.64,84.18
             785.64,84.18 789.27,84.18 789.27,84.00
             789.27,83.82 793.09,84.09 793.09,84.00
             793.09,83.91 796.73,84.82 796.73,84.82
             796.73,84.82 799.64,86.55 799.64,86.55
             799.64,86.55 804.36,89.64 804.36,89.64
             804.36,89.64 810.45,94.27 810.45,94.27
             810.45,94.27 881.45,144.09 881.45,144.09
             881.45,144.09 920.09,171.45 920.09,171.45
             920.09,171.45 957.64,197.64 957.64,197.64
             957.64,197.64 981.45,214.45 981.45,214.45
             981.45,214.45 1013.36,237.55 1013.36,237.55
             1013.36,237.55 1039.55,256.36 1039.55,256.36
             1039.55,256.36 1044.45,260.64 1044.45,260.64
             1044.45,260.64 1045.91,262.55 1045.91,262.55
             1045.91,262.55 1046.82,264.64 1046.82,264.64
             1046.82,264.64 1047.36,266.82 1047.36,266.82
             1047.36,266.82 1047.64,268.64 1047.64,268.64
             1047.64,268.64 1048.27,272.00 1048.27,272.00
             1048.27,272.00 1048.82,276.00 1048.82,276.00
             1048.82,276.00 1048.64,281.09 1048.64,281.09
             1048.64,281.09 1047.73,284.27 1047.73,284.27
             1047.73,284.27 1045.55,288.00 1045.55,288.00
             1045.55,288.00 1041.00,294.45 1041.00,294.45
             1041.00,294.45 1034.73,302.82 1034.73,302.82
             1034.73,302.82 1027.27,311.64 1027.27,311.64
             1027.27,311.64 1021.82,317.36 1021.82,317.36
             1021.82,317.36 1013.55,326.73 1013.55,326.73
             1013.55,326.73 1006.18,335.45 1006.18,335.45
             1006.18,335.45 995.27,348.55 995.27,348.55
             995.27,348.55 986.64,359.64 986.64,359.64
             986.64,359.64 981.18,365.45 981.18,365.45
             981.18,365.45 976.00,371.27 976.00,371.27
             976.00,371.27 965.73,382.27 965.73,382.27
             965.73,382.27 954.45,392.55 954.45,392.55
             954.45,392.55 947.00,400.27 947.00,400.27
             947.00,400.27 938.91,406.73 938.91,406.73
             938.91,406.73 934.18,412.55 934.18,412.55
             934.18,412.55 930.27,416.18 930.27,416.18
             930.27,416.18 925.91,420.18 925.91,420.18
             925.91,420.18 923.36,422.64 923.36,422.64
             923.36,422.64 926.91,428.64 926.91,428.55
             926.91,428.45 928.55,431.91 928.55,431.91
             928.55,431.91 929.91,435.64 929.91,435.64
             929.91,435.64 931.45,439.91 931.45,439.91
             931.45,439.91 932.09,445.00 932.09,445.00
             932.09,445.00 932.18,449.00 932.18,449.18
             932.18,449.36 931.82,454.00 931.82,454.18
             931.82,454.36 930.00,460.18 930.00,460.18
             930.00,460.18 928.91,463.09 928.91,463.09
             928.91,463.09 926.91,467.09 926.09,468.00
             925.27,468.91 920.09,473.27 920.09,473.27
             920.09,473.27 915.55,476.18 915.36,476.27
             915.18,476.36 908.45,479.55 908.45,479.55
             908.45,479.55 902.36,481.64 902.36,481.64
             902.36,481.64 894.82,482.55 894.82,482.55
             894.82,482.55 889.36,482.64 889.36,482.64
             889.36,482.64 883.36,482.27 883.36,482.27
             883.36,482.27 886.09,484.64 886.09,484.64
             886.09,484.64 892.45,488.91 892.45,488.91
             892.45,488.91 899.27,494.27 899.27,494.27
             899.27,494.27 904.00,498.82 904.00,498.82
             904.00,498.82 906.36,503.09 906.36,503.09
             906.36,503.09 908.45,507.91 908.45,507.91
             908.45,507.91 909.36,514.36 909.36,514.36
             909.36,514.36 909.45,519.73 909.45,519.73
             909.45,519.73 908.09,527.09 908.09,527.00
             908.09,526.91 905.73,533.27 905.73,533.27
             905.73,533.27 901.09,538.09 901.09,538.09
             901.09,538.09 896.45,540.55 896.45,540.55
             896.45,540.55 891.91,541.73 891.91,541.73
             891.91,541.73 890.45,543.82 890.45,543.73
             890.45,543.64 889.73,544.18 889.73,544.18
             889.73,544.18 890.73,546.91 890.82,547.09
             890.91,547.27 892.36,552.09 892.36,552.09
             892.36,552.09 892.45,559.91 892.45,559.91
             892.45,559.91 892.45,565.09 892.45,565.09
             892.45,565.09 890.73,572.09 890.73,572.09
             890.73,572.09 888.18,579.09 888.18,579.09
             888.18,579.09 884.09,585.82 884.09,585.82
             884.09,585.82 880.73,592.00 880.73,592.00
             880.73,592.00 873.36,603.45 873.36,603.45
             873.36,603.45 868.73,613.36 868.73,613.36
             868.73,613.36 862.27,623.91 862.27,623.91
             862.27,623.91 854.45,635.91 854.45,635.91
             854.45,635.91 847.36,644.64 847.36,644.64
             847.36,644.64 839.18,654.73 839.18,654.73
             839.18,654.73 828.91,664.91 828.91,664.91
             828.91,664.91 821.64,676.64 821.64,676.55
             821.64,676.45 816.91,687.18 816.91,687.18
             816.91,687.18 811.91,698.64 811.91,698.64
             811.91,698.64 809.36,709.55 809.36,709.55
             809.36,709.55 802.82,720.18 803.00,720.18
             803.18,720.18 799.55,726.18 799.64,726.27
             799.73,726.36 802.82,737.00 802.82,736.82
             802.82,736.64 808.09,748.45 808.09,748.45
             808.09,748.45 808.27,762.82 808.27,762.82
             808.27,762.82 808.09,771.91 808.09,771.91
             808.09,771.91 804.18,784.27 804.18,784.27
             804.18,784.27 803.18,789.64 803.18,789.55
             803.18,789.45 800.00,795.82 800.00,795.82
             800.00,795.82 797.09,801.91 797.09,801.91
             797.09,801.91 792.00,808.82 792.00,808.82
             792.00,808.82 786.64,813.73 786.64,813.73
             786.64,813.73 781.00,819.91 781.00,819.91
             781.00,819.91 778.45,824.45 778.45,824.45
             778.45,824.45 775.09,827.55 775.00,828.09
             774.91,828.64 771.36,834.36 771.36,834.36
             771.36,834.36 768.27,838.64 768.27,838.64
             768.27,838.64 766.64,842.82 766.45,843.27
             766.27,843.73 763.64,848.73 763.64,848.73
             763.64,848.73 762.36,852.27 762.36,852.27" />
</svg>
